A=[-0.0869 0 -1 0.039; -4.424 -1.184 0.335 0; 2.148 -0.021 -0.228 0; 0 1 0 0]
B=[0.0223 0; 0.547 2.12; -1.169 0.065; 0 0]
